DATE        Stock Name   OPENP*     HIGH      LOW        CLOSEP* VOLUME
  9/17/2023 AAMRANET           58      58.5         56.6      57.1   554,558
  9/14/2023 AAMRANET         58.4      59.5         58.1      58.3   327,685
  9/13/2023 AAMRANET         59.6      59.6           58      58.7   639,404
  9/12/2023 AAMRANET            0         0            0      59.7         0
  9/11/2023 AAMRANET           60      60.3         59.5      59.7   300,877
  9/10/2023 AAMRANET           61      61.4         59.9      60.1   343,589
   9/7/2023 AAMRANET         61.9      61.9         60.7      61.1   589,817
   9/5/2023 AAMRANET         62.1      62.4         61.3      61.9   582,049
   9/4/2023 AAMRANET         62.8      63.2         61.4      61.8   478,620
   9/3/2023 AAMRANET         62.6        63         61.8      62.6   660,444
  9/17/2023 ADVENT           22.8      24.2         22.7      23.5 1,116,072
  9/14/2023 ADVENT             23        23         22.8      22.8   608,103
  9/13/2023 ADVENT           23.2      23.3           23       23    646,479
  9/12/2023 ADVENT           22.9      23.3         22.9      23.2   393,986
 9/11/2023 ADVENT            23.2      23.4         22.9     22.9   781,927
 9/10/2023 ADVENT            23.5      23.8           23     23.2   724,897
  9/7/2023 ADVENT              24      24.1         23.4     23.5 1,022,957
  9/5/2023 ADVENT              24      24.2         23.8     23.9 1,347,849
  9/4/2023 ADVENT            24.2      24.3         23.9       24   699,463
   9/3/2023 ADVENT           24.2      24.6           24      24.2 2,331,697
Change   DATE       Stock Name   OPENP*  HIGH LOW
 -1.2     9/17/2023 AAMRANET         59.6 59.6 56.6
 -0.4
  -1
   0      9/12/2023 AAMRANET            0      0      0
 -0.4     9/11/2023 AAMRANET         61.9   61.9   59.5
  -1
 -0.8
  0.1      9/5/2023 AAMRANET         62.1   62.4   61.3
 -0.8      9/4/2023 AAMRANET         62.8   63.2   61.4
  0.6      9/3/2023 AAMRANET         62.6    63    61.8
  0.7     9/17/2023 ADVENT           22.8   24.2   22.7
 -0.2     9/14/2023 ADVENT           23.2   23.3   22.8
 -0.2
  0.3     9/12/2023 ADVENT           22.9   23.3   22.9
 -0.3    9/11/2023 ADVENT            24.2   24.3   22.9
 -0.3
 -0.4
 -0.1
 -0.2
  0.1      9/3/2023 ADVENT           24.2   24.6    24
CLOSEP* VOLUME
     57.1 1521647


    59.7         0
    59.7   1234283


    61.9   582,049
    61.8   478,620
    62.6   660,444
    23.5 1,116,072
    22.8 1,254,582

    23.2  393,986
    22.9 4577093




    24.2 2,331,697
DATE       Stock Name   OPENP*   HIGH LOW CLOSEP* VOLUME
 9/17/2023 AAMRANET         59.6 59.6 56.6     57.1 1521647
 9/12/2023 AAMRANET            0      0    0   59.7       0
 9/11/2023 AAMRANET         61.9 61.9 59.5     59.7 1234283
  9/5/2023 AAMRANET         62.1 62.4 61.3     61.9 582,049
  9/4/2023 AAMRANET         62.8 63.2 61.4     61.8 478,620
2023-09-03TAAMRANET         62.6     63 61.8   62.6  660444
2023-09-17TADVENT           22.8 24.2 22.7     23.5 1116072
2023-09-14TADVENT           23.2 23.3 22.8     22.8 1254582
2023-09-12TADVENT           22.9 23.3 22.9     23.2  393986
2023-09-11TADVENT           24.2 24.3 22.9     22.9 4577093
2023-09-03TADVENT           24.2 24.6    24    24.2 2331697
